2497038074
2497038083
2497038092
2497038109
2497038120
2497038121
2497038122
2497038126
2497038132
2497038135
2497038143
2497038156
2497038158
2497038160
2497038163
2497038165
2497038170
2497038175
2497038178
2497038180
2497038185
2497038193
2497038197
2497038199
2497038202
2497038210
2497038211
2497038220
2497038224
2497038225
2497038234
2497038235
2497038242
2497038247
2497038251
2497038255
2497038258
2497038265
2497038266
2497038272
2497038276
2497038281
2497038287
2497038291
2497038295
2497038297
2497038301
2497038306
2497038307
2497038323
2497038328
2497038329
2497038331
2497038334
2497038339
2497038357
2497038362
2497038374
2497038377
2497038378
2497038379
2497038391
2497038412
2497038415
2497038416
2497038419
2497038423
2497038426
2497038430
2497038433
2497038435
2497038438
2497038441
2497038443
2497038445
2497038448
2497038450
2497038453
2497038456
2497038460
2497038478
2497038479
2497038495
2497038496
2497038498
2504069855
2504069859
2504069865
2504069870
2504069871
2504069878
2504069885
2504069889
2504069893
2504069895
2504069897
2504069912
2504069918
2504069925
2504069929
2504069934
2504069945
2504069954
2504069956
2504069960
2504069961
2504069970
2504069983
2504069986
2504069988
2504069993
2504070002
2504070012
2504070013
2504070019
2504070022
2504070026
2504070030
2504070033
2504070053
2504070055
2504070056
2504070061
2504070062
2504070064
2504070065
2504070067
2504070078
2504070080
2504070082
2504070088
2504070094
2504070100
2504070108
2504070114
2504070116
2504070131
2504070137
2504070138
2504070140
2504070151
2504070158
2504070171
2504070176
2504070178
2504070179
2504070181
2504070186
2504070187
2504070189
2504070191
2504070201
2504070209
2504070213
2504070216
2504070229
2504070231
2504070233
2504070234
2504070251
2504070253
2504070254
2504070256
2504070257
2504070260
2504070263
2504070269
2504070273
2505325309
2512062331
2518816649
2535635938
2565526214
2599181722
2608658069
2610948880
2611474679
2611474688
2611772434
2612761450
2614080588
2648836923
2651436662
2657040296
2657040299
2657040300
2657040308
2657040309
2657040311
2657040315
2657040319
2657040324
2657040326
2657040327
2657040328
2657040329
2657040331
2657040338
2657040343
2657040344
2657040352
2657040354
2657040363
2657040368
2657040371
2657040375
2657040386
2657040390
2657040399
2657040400
2657040402
2657040410
2657040412
2657040414
2657040419
2657040422
2657040426
2657040429
2657040431
2657040437
2657040445
2657040451
2657040453
2657040454
2657040455
2657040457
2657040460
2657040462
2657040465
2657040467
2657040473
2657040478
2657040480
2657040482
2657040483
2657040491
2657040493
2657040496
2657040497
2657040498
2657040500
2657040501
2657040505
2657040506
2657040509
2657040510
2657040517
2657040521
2657040522
2657040524
2657040534
2657040556
2657040557
2657040564
2657040565
2657040566
2657040571
2657040574
2657040578
2657040579
2657040584
2667291671
2667896016
2668196300
2683596779
2683596784
2684485078
2685668589
2692843548
2698267624
2718495035
2718495037
2718495038
2718495041
2718495049
2718495050
2722102009
2725429095
2732414110
2755038436
2757872213
2759635364
2773169386
2774148661
2778622654
2778622662
2778622663
2778622668
2778622669
2778622671
2778622674
2778622676
2778622679
2778622680
2778622689
2778622692
2778622701
2778622703
2778622705
2778622707
2778622714
2778622716
2778622723
2778622725
2778622727
2778622735
2778622742
2778622743
2778622748
2778622751
2778622752
2778622753
2778622754
2778622759
2780009757
2780009765
2780009769
2780009777
2780009794
2790482726
2806796018
